n: 1, 512.39221043, 
n: 2, 256.85180093, 171.67166443, 
n: 4, 129.16353996, 86.60078631, 80.92939443, 
n: 8, 65.37988275, 44.11866368, 41.28652217, 40.65727023, 
n: 16, 33.53175928, 22.91571812, 21.50218842, 21.18815137, 
n: 32, 17.63886308, 12.34123102, 11.63626521, 11.47966326, 
n: 64,  9.71452027,  7.07307266,  6.72186210,  6.64385570, 
n: 128,  5.76799605,  4.45248798,  4.27778234,  4.23898742, 
n: 256,  3.80580082,  3.15173574,  3.06501893,  3.04576871, 
n: 512,  2.83252714,  2.50810258,  2.46519371,  2.45567267, 
time cost 0.0036716461181640625 s. 
